Sequence List Test
初始化线性表: 1 2 3 4 5
1 2 3 4 5
在线性表的末尾添加元素 5
1 2 3 4 5 5
删除重复的元素
1 2 3 4 5
删除指定的元素 3
1 2 4 5
线性表逆置
5 4 2 1
线性表右移k位
2 1 5 4
合并两个排序好的线性表
1 2 3 4 5
3 4 5 6 7
1 2 3 3 4 4 5 5 6 7

Link List Test
初始化链表 1 2 3 4 5 6 7 8 9 10
合并两个链表
1 2 3 4 5 6 7 8 9 10
3 4 5 6 7 8 9 10 11 12
1 2 3 3 4 4 5 5 6 6 7 7 8 8 9 9 10 10 11 12
在链表的尾部添加元素 10
1 2 3 4 5 6 7 8 9 10 10
删除链表中的重复元素
1 2 3 4 5 6 7 8 9 10
删除指定的元素 5
1 2 3 4 6 7 8 9 10
链表转置
10 9 8 7 6 4 3 2 1
链表右移25位
8 7 6 4 3 2 1 10 9
链表左移2位
6 4 3 2 1 10 9 8 7

测试静态链表
初始化静态链表
5 4 3 2 1
转置后的静态链表
1 2 3 4 5